m  = 70;
l0 =  1;
g  = 9.81;
k = 20000; %N/m
alpha0 = 68  *pi/180; %rad 

x0=0;
y0=1;


dx0 = 5; %m/s
dy0 = 0; %m/s

Grndmax = 0.01; % m